StoneMazeFountain,9668,9676,9692,9700
StoneMazePathBig,9671,9679,9707,9715
StoneMazeFountain,9677,9685,9692,9700
StoneMazeFountain,9671,9679,9716,9724
StoneMazeStudy,9680,9694,9716,9724
StoneMazeSpiderRoom,9680,9685,9701,9706
StoneMazeEndChest,9686,9688,9722,9724
StoneMazePath,9671,9673,9689,9691
StoneMazePath,9680,9682,9689,9691
StoneMazePath,9677,9679,9689,9691
StoneMazeEndChest,9674,9676,9689,9691
StoneMazePathBig,9662,9670,9716,9724
StoneMazePath,9665,9667,9725,9727
StoneMazePath,9683,9685,9689,9691
StoneMazeFountain,9686,9694,9686,9694
StoneMazePath,9680,9682,9686,9688
StoneMazePath,9683,9685,9686,9688
StoneMazePath,9662,9664,9725,9727
StoneMazePath,9689,9691,9683,9685
StoneMazeEndChest,9695,9697,9689,9691
StoneMazePath,9683,9685,9683,9685
StoneMazePath,9677,9679,9686,9688
StoneMazeShootingRange,9656,9661,9719,9727
StoneMazePath,9686,9688,9683,9685
StoneMazeEndChest,9686,9688,9680,9682
StoneMazePath,9653,9655,9725,9727
StoneMazePath,9653,9655,9722,9724
StoneMazePath,9650,9652,9722,9724
StoneMazePath,9650,9652,9719,9721
StoneMazePath,9650,9652,9716,9718
StoneMazePath,9650,9652,9713,9715
StoneMazePath,9650,9652,9710,9712
StoneMazeEndChest,9650,9652,9725,9727
StoneMazePath,9653,9655,9713,9715
StoneMazeEndChest,9653,9655,9716,9718
StoneMazePath,9653,9655,9710,9712
StoneMazeStudy,9650,9658,9695,9709
StoneMazePath,9674,9676,9686,9688
StoneMazePath,9671,9673,9686,9688
StoneMazePath,9656,9658,9701,9703
StoneMazePath,9659,9661,9701,9703
StoneMazePath,9662,9664,9701,9703
StoneMazePath,9665,9667,9701,9703
StoneMazePath,9662,9664,9704,9706
StoneMazePath,9665,9667,9698,9700
StoneMazePath,9662,9664,9698,9700
StoneMazePath,9668,9670,9686,9688
StoneMazePath,9668,9670,9689,9691
StoneMazeEndChest,9668,9670,9701,9703
StoneMazePath,9665,9667,9686,9688
StoneMazeShootingRange,9659,9667,9689,9694
StoneMazePath,9665,9667,9695,9697
StoneMazePath,9668,9670,9683,9685
StoneMazeLitRoom,9662,9667,9707,9712
StoneMazePath,9668,9670,9707,9709
StoneMazePath,9659,9661,9707,9709
StoneMazePath,9659,9661,9710,9712
StoneMazePath,9665,9667,9704,9706
StoneMazePath,9665,9667,9713,9715
StoneMazeEndChest,9659,9661,9704,9706
StoneMazePath,9656,9658,9710,9712
StoneMazePath,9662,9664,9713,9715
StoneMazePath,9662,9664,9686,9688
StoneMazePath,9668,9670,9704,9706
StoneMazePath,9668,9670,9680,9682
StoneMazePath,9671,9673,9680,9682
StoneMazeEndChest,9665,9667,9683,9685
StoneMazeSpiderRoom,9656,9661,9713,9718
StoneMazePath,9665,9667,9680,9682
StoneMazePath,9674,9676,9680,9682
StoneMazeEndChest,9662,9664,9695,9697
StoneMazePath,9662,9664,9680,9682
StoneMazePath,9659,9661,9686,9688
StoneMazePath,9668,9670,9710,9712
StoneMazePathBig,9650,9658,9683,9691
StoneMazeEndChest,9674,9676,9683,9685
StoneMazePath,9653,9655,9680,9682
StoneMazeEndChest,9650,9652,9680,9682
StoneMazePath,9656,9658,9680,9682
StoneMazePath,9659,9661,9680,9682
StoneMazePagoda,9650,9697,9680,9727
