RLCraft_Vineyard,4610,4638,1691,1711
VillageTriplets,4641,4655,1670,1684
VillageWoodMill,4665,4678,1670,1686
P_VillageFarmhouse,4664,4676,1700,1712
SeasonsGreenhouse,4662,4674,1634,1644
StonePlantMound4,4626,4633,1633,1640
StonePlantMound1,4673,4679,1589,1595
MeteorSite,4595,4625,1577,1592
StonePlantBoulder,4644,4654,1575,1585
StoneMazePathBig,4664,4672,1578,1586
StoneMazeShootingRange,4682,4687,1584,1592
StoneMazePathBig,4673,4681,1581,1589
StoneMazePath,4667,4669,1587,1589
StoneMazePath,4676,4678,1590,1592
StoneMazePathBig,4673,4681,1572,1580
StoneMazePath,4676,4678,1593,1595
StoneMazePath,4682,4684,1575,1577
StoneMazePath,4673,4675,1590,1592
StoneMazePath,4679,4681,1593,1595
StoneMazePath,4670,4672,1575,1577
StoneMazePath,4685,4687,1575,1577
StoneMazePath,4667,4669,1590,1592
StoneMazePath,4685,4687,1578,1580
StoneMazeEndChest,4679,4681,1590,1592
StoneMazePath,4667,4669,1593,1595
StoneMazeEndChest,4664,4666,1590,1592
StoneMazeEndChest,4685,4687,1581,1583
StoneMazePath,4682,4684,1578,1580
StoneMazeEndChest,4685,4687,1572,1574
StoneMazeEndChest,4682,4684,1581,1583
StoneMazePath,4670,4672,1590,1592
StoneMazePath,4670,4672,1593,1595
StoneMazePath,4673,4675,1593,1595
StoneMazePath,4667,4669,1575,1577
StoneMazePath,4664,4666,1575,1577
StoneMazeSmall,4664,4687,1572,1595
ThreeTowers,4689,4721,1698,1729
VillageChurch,4685,4697,1646,1672
VillageForgeLarge,4706,4718,1667,1683
StonePlantMound3,4731,4742,1555,1564
StonePlantMound3,4723,4732,1633,1644
StoneBoulder,4736,4745,1684,1693
StoneLeafMound,4770,4777,1683,1692
StoneMazePathBig,4810,4818,1769,1777
StoneMazeStudy,4795,4809,1769,1777
StoneMazePath,4816,4818,1730,1732
StoneMazePath,4801,4803,1769,1771
StoneMazePathBig,4834,4842,1745,1753
StoneMazeFountain,4819,4827,1769,1777
StoneMazePath,4795,4797,1760,1762
StoneMazePath,4801,4803,1766,1768
StoneMazeSpiderRoom,4804,4809,1763,1768
StoneMazePath,4819,4821,1730,1732
StoneMazePath,4795,4797,1757,1759
StoneMazePath,4798,4800,1766,1768
StoneMazePath,4795,4797,1763,1765
StoneMazePath,4795,4797,1766,1768
StoneMazePath,4798,4800,1763,1765
StoneMazePath,4798,4800,1760,1762
StoneMazePath,4798,4800,1757,1759
StoneMazePath,4822,4824,1766,1768
StoneMazePath,4822,4824,1730,1732
StoneMazePath,4831,4833,1748,1750
StoneMazeSpiderRoom,4828,4833,1742,1747
StoneMazePath,4825,4827,1766,1768
StoneMazePath,4798,4800,1754,1756
StoneMazePath,4801,4803,1754,1756
StoneMazeShootingRange,4825,4830,1748,1756
StoneMazePath,4822,4824,1763,1765
StoneMazeSpiderRoom,4828,4833,1763,1768
StoneMazePath,4825,4827,1763,1765
StoneMazePath,4825,4827,1760,1762
StoneMazePath,4795,4797,1754,1756
StoneMazePath,4819,4821,1766,1768
StoneMazePath,4822,4824,1748,1750
StoneMazeEndChest,4801,4803,1763,1765
StoneMazePath,4804,4806,1754,1756
StoneMazePath,4825,4827,1757,1759
StoneMazePath,4804,4806,1757,1759
StoneMazePath,4807,4809,1757,1759
StoneMazePath,4822,4824,1760,1762
StoneMazePathBig,4819,4827,1733,1741
StoneMazePath,4822,4824,1751,1753
StoneMazePath,4801,4803,1757,1759
StoneMazePath,4828,4830,1757,1759
StoneMazePath,4822,4824,1757,1759
StoneMazePath,4807,4809,1760,1762
StoneMazeLitRoom,4807,4812,1751,1756
StoneMazePath,4813,4815,1751,1753
StoneMazePath,4810,4812,1757,1759
StoneMazeSpiderRoom,4810,4815,1763,1768
StoneMazePath,4801,4803,1751,1753
StoneMazePath,4810,4812,1760,1762
StoneMazePath,4828,4830,1760,1762
StoneMazePath,4801,4803,1760,1762
StoneMazePath,4828,4830,1772,1774
StoneMazePath,4813,4815,1730,1732
StoneMazePath,4819,4821,1757,1759
StoneMazePath,4813,4815,1757,1759
StoneMazeLitRoom,4810,4815,1745,1750
StoneMazeShootingRange,4807,4815,1733,1738
StoneMazePath,4816,4818,1751,1753
StoneMazeEndChest,4810,4812,1730,1732
StoneMazePath,4804,4806,1751,1753
StoneMazePath,4816,4818,1754,1756
StoneMazePath,4831,4833,1757,1759
StoneMazePath,4813,4815,1754,1756
StoneMazePath,4813,4815,1742,1744
StoneMazePath,4816,4818,1748,1750
StoneMazePath,4819,4821,1751,1753
StoneMazeFountain,4831,4839,1769,1777
StoneMazePath,4822,4824,1745,1747
StoneMazeLitRoom,4804,4809,1745,1750
StoneMazePath,4804,4806,1742,1744
StoneMazePath,4819,4821,1754,1756
StoneMazePath,4816,4818,1757,1759
StoneMazePath,4819,4821,1760,1762
StoneMazePath,4813,4815,1760,1762
StoneMazePath,4801,4803,1748,1750
StoneMazePath,4816,4818,1760,1762
StoneMazePath,4807,4809,1742,1744
StoneMazePath,4825,4827,1745,1747
StoneMazePath,4819,4821,1748,1750
StoneMazePath,4819,4821,1763,1765
StoneMazePath,4819,4821,1745,1747
StoneMazePath,4807,4809,1739,1741
StoneMazePath,4810,4812,1742,1744
StoneMazePath,4810,4812,1739,1741
StoneMazePath,4801,4803,1745,1747
StoneMazeEndChest,4804,4806,1760,1762
StoneMazePath,4816,4818,1745,1747
StoneMazePath,4804,4806,1739,1741
StoneMazePath,4825,4827,1742,1744
StoneMazePath,4816,4818,1763,1765
StoneMazePath,4813,4815,1739,1741
StoneMazeEndChest,4816,4818,1766,1768
StoneMazePath,4801,4803,1742,1744
StoneMazePath,4816,4818,1739,1741
StoneMazePath,4816,4818,1742,1744
StoneMazePath,4804,4806,1736,1738
StoneMazePath,4801,4803,1739,1741
StoneMazeStudy,4828,4842,1733,1741
StoneMazeEndChest,4816,4818,1736,1738
StoneMazePath,4798,4800,1739,1741
StoneMazeSpiderRoom,4798,4803,1733,1738
StoneMazeEndChest,4822,4824,1754,1756
StoneMazePath,4798,4800,1742,1744
StoneMazePath,4840,4842,1772,1774
StoneMazeEndChest,4840,4842,1775,1777
StoneMazePath,4798,4800,1751,1753
StoneMazeEndChest,4795,4797,1751,1753
StoneMazeEndChest,4834,4836,1739,1741
StoneMazePath,4798,4800,1748,1750
StoneMazePath,4795,4797,1748,1750
StoneMazeShootingRange,4834,4842,1763,1768
StoneMazePath,4822,4824,1742,1744
StoneMazeEndChest,4795,4797,1745,1747
StoneMazeEndChest,4840,4842,1769,1771
StoneMazePath,4819,4821,1742,1744
StoneMazePath,4834,4836,1760,1762
StoneMazeSpiderRoom,4837,4842,1757,1762
StoneMazeBig,4795,4842,1730,1777
